0 |roiAndLabel 321.0 523.0 672.0 670.0 1.0
1 |roiAndLabel 363.0 538.0 642.0 634.0 1.0
2 |roiAndLabel 396.0 541.0 675.0 637.0 1.0
3 |roiAndLabel 345.0 559.0 624.0 655.0 1.0
4 |roiAndLabel 241.0 523.0 519.0 619.0 1.0
5 |roiAndLabel 202.0 463.0 480.0 559.0 1.0
6 |roiAndLabel 921.0 487.0 1166.0 580.0 1.0
7 |roiAndLabel 891.0 568.0 1142.0 667.0 1.0
8 |roiAndLabel 852.0 466.0 1103.0 565.0 1.0
9 |roiAndLabel 846.0 373.0 1097.0 472.0 1.0
10 |roiAndLabel 810.0 451.0 1091.0 574.0 1.0
11 |roiAndLabel 594.0 430.0 894.0 565.0 1.0
12 |roiAndLabel 968.0 744.0 1196.0 849.0 1.0
13 |roiAndLabel 951.0 780.0 1178.0 885.0 1.0
14 |roiAndLabel 906.0 924.0 1133.0 1029.0 1.0
15 |roiAndLabel 792.0 780.0 1019.0 885.0 1.0
16 |roiAndLabel 726.0 723.0 954.0 828.0 1.0
17 |roiAndLabel 828.0 777.0 1055.0 882.0 1.0
18 |roiAndLabel 729.0 768.0 957.0 873.0 1.0
19 |roiAndLabel 804.0 789.0 1031.0 894.0 1.0
20 |roiAndLabel 825.0 762.0 1052.0 867.0 1.0
21 |roiAndLabel 810.0 867.0 1037.0 972.0 1.0
22 |roiAndLabel 789.0 876.0 1016.0 981.0 1.0
23 |roiAndLabel 777.0 777.0 1004.0 882.0 1.0
24 |roiAndLabel 756.0 792.0 983.0 897.0 1.0
25 |roiAndLabel 717.0 807.0 962.0 918.0 1.0
26 |roiAndLabel 714.0 852.0 980.0 978.0 1.0
27 |roiAndLabel 786.0 463.0 1187.0 628.0 1.0
28 |roiAndLabel 816.0 502.0 1283.0 706.0 1.0
29 |roiAndLabel 834.0 655.0 1580.0 993.0 1.0
